80,35
10,85
10,207
10,123
10,285
10,13
10,131
10,65
10,203
9,5
9,2
9,3
8,13
8,5
8,4
8,15
8,8
8,3
73,3
73,2
73,1
73,0
72,3
72,1
71,3
71,1
70,3
70,2
70,1
70,0
69,3
69,1
21,3
21,2
21,1
21,0
20,3
20,2
20,1
19,3
19,2
19,1
12,3
12,2
12,1
11,29
11,28
11,27
11,26
11,25
11,24
11,23
11,22
11,21
11,20
11,19
11,18
11,17
11,16
11,15
11,14
11,13
11,12
11,11
11,10
11,9
11,8
18,1
11,7
18,3
11,5
11,4
11,3
11,2
14,1
11,1
14,3
13,1
10,308
13,3
10,306
10,304
10,302
10,299
10,296
10,290
10,287
10,286
10,274
10,262
10,261
10,242
10,239
10,230
10,228
10,225
10,224
10,218
10,200
10,169
10,141
10,140
10,119
10,118
10,107
10,104
10,77
10,71
